#Paket 1

0000   1c 00 a0 76 fe a1 84 c3 ff ff 00 00 00 00 1b 00
0010   00 02 00 01 00 00 02 1c 00 00 00 00 21 09 11 02
0020   01 00 14 00 11 ff 03 3d 00 00 00 00 00 00 00 00
0030   00 00 00 00 00 00 00 00


#Paket 2

0000   1c 00 a0 f9 1e 99 84 c3 ff ff 00 00 00 00 1b 00
0010   00 02 00 01 00 00 02 1c 00 00 00 00 21 09 11 02
0020   01 00 14 00 11 ff 0f 2d 00 00 00 00 00 00 00 00
0030   00 00 00 00 00 00 00 00

#Paket 3

0000   1c 00 a0 69 f6 a1 84 c3 ff ff 00 00 00 00 1b 00
0010   00 02 00 01 00 00 02 1c 00 00 00 00 21 09 11 02
0020   01 00 14 00 11 ff 03 1d 00 00 00 00 00 00 00 00
0030   00 00 00 00 00 00 00 00


#Paket 4

0000   1c 00 a0 f9 1e 99 84 c3 ff ff 00 00 00 00 1b 00
0010   00 02 00 01 00 00 02 1c 00 00 00 00 21 09 11 02
0020   01 00 14 00 11 ff 0d 3d 00 03 00 00 00 00 00 13
0030   88 64 00 00 00 00 00 00

1388 = 5000 = Speed?

#Paket 5

0000   1c 00 a0 c9 be 9b 84 c3 ff ff 00 00 00 00 1b 00
0010   00 02 00 01 00 00 02 1c 00 00 00 00 21 09 11 02
0020   01 00 14 00 11 ff 0d dd 00 07 8d 00 00 00 00 00
0030   00 00 00 00 00 00 00 00
