#Paket 1

0000   1c 00 a0 c5 6a 77 8f 91 ff ff 00 00 00 00 1b 00
0010   00 02 00 01 00 00 02 1c 00 00 00 00 21 09 11 02
0020   01 00 14 00 11 ff 03 3b 00 00 00 00 00 00 00 00
0030   00 00 00 00 00 00 00 00


#Paket 2

0000   1c 00 a0 b9 07 88 8f 91 ff ff 00 00 00 00 1b 00
0010   00 02 00 01 00 00 02 1c 00 00 00 00 21 09 11 02
0020   01 00 14 00 11 ff 0f 2b 00 00 00 00 00 00 00 00
0030   00 00 00 00 00 00 00 00

#Paket 3

0000   1c 00 a0 b9 07 88 8f 91 ff ff 00 00 00 00 1b 00
0010   00 02 00 01 00 00 02 1c 00 00 00 00 21 09 11 02
0020   01 00 14 00 11 ff 03 1b 00 00 00 00 00 00 00 00
0030   00 00 00 00 00 00 00 00


#Paket 4

0000   1c 00 a0 29 de 6f 8f 91 ff ff 00 00 00 00 1b 00
0010   00 02 00 01 00 00 02 1c 00 00 00 00 21 09 11 02
0020   01 00 14 00 11 ff 0d 3b 00 00 00 00 00 00 00 00
0030   00 00 00 00 00 00 00 00


#Paket 5

0000   1c 00 a0 39 da 62 8f 91 ff ff 00 00 00 00 1b 00
0010   00 02 00 01 00 00 02 1c 00 00 00 00 21 09 11 02
0020   01 00 14 00 11 ff 0d 3b 01 00 00 00 00 00 00 00
0030   00 00 00 00 00 00 00 00
